Ra=2;
La=651e-6;
J=0.008;
D=0;
k_E=0.0035;
k_T=0.0035;
k_S= 2728; %rpm/v
Vd=7.4;
TL_0=0.2;

Tf_curr = 1/452;
Tf_speed = 1/96;